2
60
0 "The Witcher 3: Wild Hunt" "0"
1 "The Elder Scrolls V: Skyrim" "0"
2 "Red Dead Redemption 2" "0"
3 "Grand Theft Auto V" "0"
4 "Cyberpunk 2077" "0"
5 "Fallout 4" "0"
6 "Mass Effect 2" "0"
7 "BioShock Infinite" "0"
8 "The Last of Us Part I" "0"
9 "Uncharted 4: A Thief's End" "0"
10 "God of War (2018)" "0"
11 "Horizon Zero Dawn" "0"
12 "Ghost of Tsushima" "0"
13 "Bloodborne" "0"
14 "Dark Souls III" "0"
15 "Sekiro: Shadows Die Twice" "0"
16 "Elden Ring" "0"
17 "Hollow Knight" "0"
18 "Celeste" "0"
19 "Stardew Valley" "0"
20 "Animal Crossing: New Horizons" "0"
21 "Minecraft" "0"
22 "Terraria" "0"
23 "Portal 2" "0"
24 "Half-Life 2" "0"
25 "Counter-Strike 2" "0"
26 "Valorant" "0"
27 "Overwatch 2" "0"
28 "Team Fortress 2" "0"
29 "League of Legends" "0"
30 "Dota 2" "0"
31 "Diablo IV" "0"
32 "Path of Exile" "0"
33 "World of Warcraft" "0"
34 "Final Fantasy XIV" "0"
35 "The Legend of Zelda: Breath of the Wild" "0"
36 "Genshin Impact" "0"
37 "Persona 5 Royal" "0"
38 "Final Fantasy VII Remake" "0"
39 "NieR: Automata" "0"
40 "Metal Gear Solid V: The Phantom Pain" "0"
41 "Death Stranding" "0"
42 "Control" "0"
43 "Alan Wake 2" "0"
44 "Resident Evil 4 (Remake)" "0"
45 "Dead Space (Remake)" "0"
46 "DOOM Eternal" "0"
47 "Wolfenstein: The New Order" "0"
48 "Civilization VI" "0"
49 "Crusader Kings III" "0"
50 "XCOM 2" "0"
51 "Into the Breach" "0"
52 "Slay the Spire" "0"
53 "Hades" "0"
54 "Dead Cells" "0"
55 "Disco Elysium" "0"
56 "Baldur's Gate 3" "0"
57 "Divinity: Original Sin 2" "0"
58 "Outer Wilds" "0"
59 "Subnautica" "0"
320
0 1 9
1 0 9
0 2 8
2 0 8
0 4 7
4 0 7
0 5 7
5 0 7
1 5 8
5 1 8
1 16 8
16 1 8
2 3 9
3 2 9
2 11 8
11 2 8
2 12 8
12 2 8
3 4 7
4 3 7
4 6 6
6 4 6
6 37 7
37 6 7
7 8 7
8 7 7
7 23 6
23 7 6
8 9 9
9 8 9
8 11 8
11 8 8
9 10 8
10 9 8
9 11 8
11 9 8
10 11 9
11 10 9
10 12 8
12 10 8
10 14 7
14 10 7
11 12 9
12 11 9
11 35 8
35 11 8
12 15 8
15 12 8
13 14 10
14 13 10
13 15 9
15 13 9
13 16 9
16 13 9
14 15 9
15 14 9
14 16 9
16 14 9
15 16 9
16 15 9
16 35 8
35 16 8
17 18 8
18 17 8
18 51 7
51 18 7
19 20 10
20 19 10
19 21 7
21 19 7
20 21 7
21 20 7
21 22 9
22 21 9
21 59 7
59 21 7
22 59 7
59 22 7
23 24 9
24 23 9
25 26 10
26 25 10
25 28 8
28 25 8
26 27 9
27 26 9
27 28 8
28 27 8
29 30 10
30 29 10
31 33 7
33 31 7
32 31 9
31 32 9
33 34 9
34 33 9
35 36 8
36 35 8
35 58 7
58 35 7
36 38 7
38 36 7
37 38 8
38 37 8
37 56 8
56 37 8
38 39 8
39 38 8
39 42 7
42 39 7
40 41 8
41 40 8
41 58 7
58 41 7
42 43 9
43 42 9
42 7 7
7 42 7
43 44 7
44 43 7
44 45 9
45 44 9
44 8 8
8 44 8
45 8 7
8 45 7
46 47 9
47 46 9
46 14 7
14 46 7
47 24 7
24 47 7
48 49 9
49 48 9
48 50 8
50 48 8
49 57 8
57 49 8
50 51 9
51 50 9
52 53 8
53 52 8
52 54 7
54 52 7
53 54 8
54 53 8
53 39 7
39 53 7
54 17 8
17 54 8
55 56 8
56 55 8
55 57 8
57 55 8
56 57 9
57 56 9
56 1 8
1 56 8
57 6 7
6 57 7
58 59 8
59 58 8
0 16 8
16 0 8
2 35 7
35 2 7
6 56 8
56 6 8
8 43 7
43 8 7
10 13 8
13 10 8
11 36 7
36 11 7
12 40 7
40 12 7
17 52 7
52 17 7
19 22 7
22 19 7
20 34 6
34 20 6
21 35 7
35 21 7
23 42 6
42 23 6
25 46 7
46 25 7
29 32 7
32 29 7
31 34 7
34 31 7
33 49 7
49 33 7
37 55 8
55 37 8
38 10 7
10 38 7
39 40 7
40 39 7
41 59 8
59 41 8
43 45 8
45 43 8
44 46 7
46 44 7
47 25 7
25 47 7
48 57 7
57 48 7
50 52 7
52 50 7
51 54 7
54 51 7
53 15 7
15 53 7
55 6 7
6 55 7
56 0 8
0 56 8
57 1 8
1 57 8
58 36 7
36 58 7
59 11 6
11 59 6
12 16 8
16 12 8
12 14 7
14 12 7
12 13 7
13 12 7
27 25 8
25 27 8
26 28 7
28 26 7
46 24 8
24 46 8
44 41 6
41 44 6
45 41 6
41 45 6
23 58 8
58 23 8
49 50 7
50 49 7
8 10 8
10 8 8
12 41 6
41 12 6
4 11 7
11 4 7
4 42 6
42 4 6
42 41 7
41 42 7
39 41 6
41 39 6
17 53 7
53 17 7
18 54 6
54 18 6
51 52 6
52 51 6
51 22 6
22 51 6
34 38 7
38 34 7
37 34 6
34 37 6
33 36 5
36 33 5
34 36 6
36 34 6
31 53 6
53 31 6
32 53 6
53 32 6
10 35 6
35 10 6
9 12 7
12 9 7
8 12 7
12 8 7
0 10 7
10 0 7
0 11 7
11 0 7
1 11 7
11 1 7
2 10 6
10 2 6
35 12 7
12 35 7
55 39 6
39 55 6
48 51 6
51 48 6
46 28 6
28 46 6
43 41 7
41 43 7
42 24 7
24 42 7
42 46 6
46 42 6
39 10 7
10 39 7
37 39 6
39 37 6
4 40 6
40 4 6
30 32 7
32 30 7
30 31 5
31 30 5
33 48 7
48 33 7
31 50 6
50 31 6
